3890914520
6850448731
7197667554
2273239377
6772304715
5620203875
6992244719
5667933917
3500797511
6175018731
3006901607
1793485607
5768124020
6536410118
5352268919
6055588215
6274672750
5469704444
5992113995
3919406248
5552369976
6474745504
6569882540
2075808653
5312982178
7281373764
3598029233
7064041672
6748496101
6546559451
6076520784
3692048987
6299304722
6615828718
6402060898
5604031134
6910250908
5842013520
5622316061
3509859700
7151822723
2457663765
5929531983
7183720407
1903728075
6981965111
6623748063
5798164747
3807033614
5289148821
5728732701
6760838104
5846311983
5046086358
5824442607
5663950383
7216376051
3776476642
6146694786
6624828706
3214114782
6243523934
7011160700
5495215566
7080425598
6499584809
6320679364
5949604191
5936763192
2032734891
3911031219
3819829043
2103981667
1041560960
1666944534
5172829747
5721431005
6078969818
6818200845
5942901962
6215074317
5890679144
6511300364
7206909072
6964184516
6350751179
6891961538
6879891259
6897898360
6809555011
6990023038
1876149677
5382649515
2100708653
1747835617
5288553158
5253549570
1563323381
6144558152
2989451172